2 22671
31 3.000000
2 18719
36 36753.000000
2 17447
49 44289.000000
2 15309
1 22600.000000
2 14010
48 69650.000000
2 13861
53 18582.000000
2 1281
33 18395.000000
0 1230
12 1230 1230
0 51
51 51 51
2 12580
13 0.001888
2 12569
32 272.000000
2 11
3 104.000000
0 9
12 9 9
0 2
50 2 2
2 12558
2 1795.000000
0 11465
12 11465 11464
2 1093
2 1805.000000
2 7
38 74502.000000
0 4
12 4 4
0 3
51 3 3
2 1086
45 25297.000000
0 910
12 910 909
2 176
37 24934.000000
0 4
51 4 4
0 172
12 172 171
2 11
33 14729.000000
0 5
87 5 5
0 6
12 6 6
2 149
37 56741.000000
0 131
51 131 131
0 18
12 18 18
2 1299
37 83561.000000
2 1084
32 14440.000000
0 54
51 54 54
2 1030
2 12158.000000
2 1007
51 82146.000000
0 876
12 876 873
2 131
37 44244.000000
0 104
12 104 103
0 27
51 27 26
2 23
0 6.000000
0 2
12 2 2
0 21
51 21 21
2 215
4 2.000000
0 212
51 212 212
0 3
12 3 3
2 2138
53 45725.000000
0 247
12 247 247
2 1891
46 76229.000000
2 1694
32 47931.000000
0 1684
51 1684 1683
0 10
12 10 10
2 197
1 33843.000000
0 184
12 184 184
0 13
51 13 12
0 1272
51 1272 1271
2 3952
7 18.000000
2 1995
15 0.000001
2 1822
6 1.000000
2 760
1 16984.000000
2 121
34 79146.000000
2 55
26 0.000014
2 51
47 4671.000000
2 7
0 0.000000
0 5
45 5 4
0 2
84 2 2
2 44
13 0.306710
2 42
35 33747.000000
0 40
4 40 36
0 2
84 2 2
0 2
49 2 2
2 4
2 222.000000
0 2
72 2 2
0 2
5 2 2
2 66
2 12795.000000
0 64
104 64 64
0 2
32 2 1
2 639
39 64711.000000
2 41
4 7.000000
2 33
5 6.000000
2 27
33 52788.000000
2 21
14 0.017303
2 19
33 39881.000000
0 17
4 17 17
0 2
20 2 2
0 2
20 2 2
0 6
31 6 6
0 6
31 6 6
2 8
0 14.000000
0 3
25 3 3
0 5
45 5 4
2 598
43 32676.000000
2 87
38 2162.000000
2 12
0 17.000000
0 3
45 3 3
0 9
55 9 8
2 75
48 3801.000000
2 9
0 18.000000
2 5
4 20.000000
0 2
77 2 2
0 3
48 3 3
0 4
69 4 4
2 66
49 10874.000000
2 48
22 0.000671
2 46
49 40.000000
0 2
19 2 1
2 44
12 0.000006
2 42
0 13.000000
0 2
56 2 2
2 40
31 46111.000000
2 37
41 2071.000000
0 2
56 2 2
0 35
4 35 35
0 3
56 3 3
0 2
56 2 2
0 2
77 2 2
0 18
56 18 17
2 511
34 36891.000000
2 334
47 31457.000000
2 289
53 34882.000000
2 247
24 0.000016
2 241
47 1081.000000
2 40
43 82139.000000
2 6
5 7.000000
0 3
25 3 3
0 3
32 3 3
2 34
38 20748.000000
0 6
48 6 6
2 28
44 47743.000000
0 21
4 21 21
2 7
49 60603.000000
0 5
84 5 5
0 2
4 2 1
2 201
52 9851.000000
2 44
27 0.003404
2 42
0 16.000000
2 32
38 85141.000000
0 3
48 3 3
2 29
0 8.000000
0 2
99 2 2
0 27
4 27 27
2 10
2 136.000000
0 2
32 2 2
0 8
48 8 8
0 2
5 2 1
2 157
51 60091.000000
2 155
52 63189.000000
0 153
4 153 150
0 2
77 2 2
0 2
48 2 2
2 6
0 16.000000
0 4
48 4 3
0 2
56 2 2
2 42
52 5452.000000
0 9
55 9 8
2 33
14 0.657479
2 30
0 17.000000
0 2
5 2 2
2 28
47 246.000000
0 2
5 2 1
0 26
4 26 25
0 3
97 3 2
2 45
47 35675.000000
0 8
20 8 8
2 37
53 4584.000000
2 24
36 1258.000000
2 10
0 9.000000
0 2
4 2 2
0 8
55 8 8
0 14
4 14 14
2 13
4 2.000000
0 2
4 2 2
2 11
2 3920.000000
0 8
69 8 8
0 3
48 3 3
2 177
27 0.003008
2 171
42 71854.000000
2 27
37 5838.000000
2 12
4 17.000000
0 7
4 7 7
0 5
56 5 5
2 15
53 26221.000000
0 5
20 5 4
2 10
1 25995.000000
0 2
26 2 1
2 8
41 7890.000000
0 2
48 2 2
0 6
32 6 6
2 144
26 0.000055
2 133
47 991.000000
2 25
34 57669.000000
0 10
32 10 8
0 15
4 15 14
2 108
37 1185.000000
2 14
0 17.000000
0 2
56 2 2
2 12
4 11.000000
0 9
57 9 9
0 3
77 3 3
2 94
51 77326.000000
2 89
53 29108.000000
0 3
56 3 3
2 86
47 30774.000000
2 77
52 17383.000000
2 12
4 18.000000
0 3
4 3 2
0 9
57 9 9
0 65
4 65 64
0 9
57 9 9
0 5
69 5 4
2 11
14 0.000297
2 9
41 80313.000000
2 6
41 11933.000000
0 3
4 3 3
0 3
72 3 3
0 3
64 3 2
0 2
56 2 2
2 6
9 2.001563
0 3
5 3 3
0 3
58 3 3
2 1062
24 0.833724
2 930
45 45.000000
2 141
39 66663.000000
2 10
0 15.000000
0 8
2 8 7
0 2
5 2 1
2 131
47 931.000000
2 40
13 0.000010
2 37
36 43528.000000
2 31
0 13.000000
0 6
84 6 6
2 25
32 234.000000
0 4
84 4 3
2 21
52 76793.000000
0 19
21 19 19
0 2
96 2 2
0 6
63 6 6
0 3
2 3 3
2 91
37 13562.000000
2 52
34 12876.000000
0 6
69 6 6
2 46
34 76854.000000
2 43
32 4757.000000
2 32
48 45839.000000
2 30
38 53770.000000
0 7
21 7 7
2 23
0 19.000000
2 18
46 1673.000000
0 3
21 3 3
0 15
77 15 15
0 5
21 5 5
0 2
56 2 2
2 11
38 13826.000000
0 3
77 3 3
0 8
56 8 8
0 3
69 3 3
2 39
38 52403.000000
0 3
69 3 3
2 36
47 35226.000000
2 32
47 2598.000000
0 3
77 3 3
2 29
33 52642.000000
2 10
41 58253.000000
0 7
21 7 7
0 3
84 3 3
2 19
0 17.000000
0 16
91 16 16
0 3
21 3 3
0 4
96 4 4
2 789
13 0.000038
2 643
14 1.390609
2 435
11 0.000071
2 405
26 1.227547
2 187
21 1.330983
2 116
19 0.737583
2 91
6 13.000000
2 42
12 0.735759
2 36
6 6.000000
2 14
39 71854.000000
0 3
27 3 3
2 11
38 82951.000000
0 4
102 4 4
0 7
5 7 6
2 22
41 3835.000000
2 20
1 57206.000000
0 4
71 4 4
2 16
42 8426.000000
0 6
28 6 6
2 10
26 0.017310
0 8
5 8 7
0 2
79 2 2
0 2
70 2 2
2 6
2 565.000000
0 2
5 2 1
0 4
21 4 4
2 49
6 16.000000
2 27
10 0.003861
2 25
14 0.061073
2 21
47 228.000000
0 2
40 2 2
2 19
32 411.000000
0 4
74 4 3
2 15
43 21163.000000
0 3
24 3 2
0 12
5 12 9
0 4
41 4 3
0 2
40 2 2
2 22
45 22918.000000
2 13
33 47407.000000
0 2
12 2 1
0 11
5 11 10
2 9
0 6.000000
0 2
89 2 2
2 7
7 0.000000
0 2
13 2 2
2 5
2 500.000000
0 3
20 3 3
0 2
65 2 2
2 25
5 15.000000
2 16
18 0.000132
2 14
4 2.000000
2 11
35 34704.000000
0 9
68 9 8
0 2
5 2 1
0 3
5 3 3
0 2
95 2 2
0 9
95 9 8
2 71
20 0.000010
2 65
50 4376.000000
2 19
23 0.000049
2 16
26 0.000011
0 10
16 10 10
2 6
38 45358.000000
0 2
29 2 2
2 4
2 296.000000
0 2
22 2 2
0 2
3 2 2
0 3
17 3 2
2 46
26 0.105068
2 42
49 319.000000
2 22
42 15365.000000
0 4
23 4 3
2 18
36 20547.000000
2 6
34 50742.000000
0 2
5 2 1
0 4
29 4 4
2 12
0 17.000000
2 10
47 970.000000
2 6
5 16.000000
0 2
22 2 2
2 4
1 62246.000000
0 2
3 2 2
0 2
22 2 2
0 4
3 4 4
0 2
3 2 1
2 20
23 0.000192
2 18
9 0.000016
2 16
42 19750.000000
0 7
29 7 6
2 9
37 169.000000
0 3
30 3 3
2 6
46 16853.000000
0 4
5 4 3
0 2
31 2 2
0 2
5 2 1
0 2
23 2 2
0 4
73 4 3
2 6
18 0.000283
0 4
70 4 4
0 2
5 2 1
2 218
23 0.000192
2 202
33 558.000000
2 17
12 0.000170
2 15
19 0.002654
2 13
1 62109.000000
0 9
27 9 7
0 4
28 4 4
0 2
28 2 1
0 2
3 2 1
2 185
9 0.000023
2 173
1 66527.000000
2 157
36 7549.000000
2 71
36 714.000000
2 11
0 7.000000
2 7
2 378.000000
0 5
5 5 4
0 2
3 2 1
0 4
6 4 3
2 60
47 43903.000000
2 57
12 0.008174
2 55
50 4486.000000
2 50
44 68597.000000
0 46
18 46 45
2 4
1 51789.000000
0 2
6 2 2
0 2
3 2 2
2 5
0 13.000000
0 3
6 3 3
0 2
3 2 2
0 2
6 2 2
0 3
27 3 2
2 86
18 0.000033
2 81
3 203.000000
2 67
47 636.000000
2 16
43 85210.000000
0 2
72 2 1
0 14
23 14 14
2 51
44 347.000000
2 30
32 895.000000
2 7
1 62045.000000
0 2
3 2 2
0 5
18 5 5
2 23
35 7674.000000
2 9
42 15188.000000
2 6
32 6291.000000
0 4
23 4 4
0 2
18 2 2
0 3
6 3 3
0 14
23 14 14
2 21
43 28557.000000
0 2
3 2 1
2 19
4 13.000000
2 15
42 464.000000
2 5
37 32026.000000
0 3
28 3 3
0 2
18 2 2
0 10
18 10 10
2 4
0 6.000000
0 2
18 2 2
0 2
5 2 1
2 14
39 71854.000000
0 2
18 2 1
2 12
38 44652.000000
0 2
18 2 1
2 10
3 290.000000
0 3
56 3 2
2 7
5 7.000000
0 3
3 3 3
2 4
2 896.000000
0 2
3 2 2
0 2
5 2 2
2 5
4 7.000000
0 2
73 2 1
0 3
18 3 3
2 16
4 3.000000
2 9
4 1.000000
2 6
5 20.000000
2 4
0 22.000000
0 2
4 2 1
0 2
6 2 1
0 2
72 2 1
0 3
18 3 3
2 7
5 11.000000
0 2
5 2 2
0 5
64 5 4
2 12
31 54786.000000
2 9
5 15.000000
0 3
56 3 3
2 6
46 19976.000000
0 3
5 3 3
0 3
6 3 2
0 3
72 3 2
2 16
14 0.001106
2 14
5 18.000000
2 11
4 2.000000
0 6
74 6 6
2 5
4 4.000000
0 2
18 2 2
0 3
17 3 3
0 3
6 3 2
0 2
3 2 2
2 30
6 10.000000
2 26
51 85796.000000
2 14
50 32703.000000
2 12
29 0.430483
2 7
0 7.000000
0 3
37 3 2
0 4
5 4 4
0 5
8 5 5
0 2
33 2 2
2 12
2 163.000000
0 10
82 10 8
0 2
5 2 1
2 4
0 2.000000
0 2
65 2 2
0 2
12 2 1
2 208
26 0.000117
2 128
51 77338.000000
2 120
50 27627.000000
2 55
39 63803.000000
2 6
0 10.000000
0 4
19 4 4
0 2
27 2 1
2 49
53 31645.000000
2 41
44 74310.000000
0 39
54 39 33
0 2
55 2 2
2 8
34 15916.000000
0 2
55 2 2
2 6
5 16.000000
2 4
2 18.000000
0 2
24 2 2
0 2
22 2 2
0 2
24 2 2
2 65
23 0.009262
2 63
32 20771.000000
2 54
43 1239.000000
0 2
55 2 2
2 52
38 28467.000000
0 3
30 3 3
2 49
52 80713.000000
2 46
41 18588.000000
2 17
32 698.000000
0 10
19 10 9
0 7
30 7 6
0 29
19 29 29
0 3
30 3 3
2 9
34 37257.000000
0 4
54 4 3
0 5
22 5 5
0 2
40 2 2
0 8
97 8 8
2 80
23 0.000049
2 70
21 0.077548
2 66
46 8800.000000
2 24
41 79127.000000
2 16
38 38701.000000
0 2
5 2 1
0 14
19 14 14
2 8
0 15.000000
0 5
23 5 5
0 3
6 3 2
2 42
42 24514.000000
2 6
43 84963.000000
0 3
19 3 2
0 3
5 3 2
0 36
6 36 36
0 4
22 4 3
2 10
39 66663.000000
0 3
40 3 2
0 7
74 7 6
2 146
11 0.003901
2 124
25 0.000117
2 114
7 0.000000
2 49
42 55939.000000
2 7
33 42881.000000
0 4
13 4 4
0 3
35 3 3
2 42
32 29631.000000
2 37
50 28961.000000
2 32
38 84021.000000
0 2
12 2 2
0 30
43 30 27
2 5
31 36.000000
0 3
33 3 2
0 2
5 2 1
0 5
66 5 4
2 65
7 1.000000
2 32
4 18.000000
2 22
52 53604.000000
2 12
2 995.000000
0 7
49 7 6
2 5
35 8534.000000
0 2
5 2 2
0 3
4 3 3
0 10
43 10 9
2 10
34 31785.000000
0 5
43 5 4
0 5
78 5 4
2 33
33 31836.000000
2 7
0 7.000000
0 4
33 4 4
0 3
66 3 2
2 26
7 16.000000
2 24
41 83533.000000
2 7
14 0.000117
0 5
59 5 4
0 2
5 2 2
2 17
32 12186.000000
0 15
43 15 15
0 2
5 2 2
0 2
98 2 2
2 10
33 24154.000000
0 2
11 2 1
2 8
0 7.000000
2 6
1 22820.000000
0 4
12 4 4
0 2
89 2 2
0 2
43 2 2
2 22
29 0.001384
2 17
37 24739.000000
2 5
5 7.000000
0 3
33 3 3
0 2
67 2 2
2 12
0 8.000000
2 10
42 64307.000000
0 3
44 3 2
0 7
5 7 6
0 2
44 2 1
2 5
0 12.000000
0 3
11 3 2
0 2
48 2 2
2 132
52 43750.000000
2 91
35 76074.000000
2 89
38 33845.000000
2 15
41 49060.000000
2 8
0 17.000000
0 5
1 5 5
0 3
48 3 2
0 7
48 7 6
2 74
39 77044.000000
2 7
0 17.000000
0 5
1 5 5
0 2
48 2 2
2 67
38 68099.000000
0 7
32 7 6
2 60
38 85141.000000
0 4
1 4 3
2 56
49 80192.000000
2 54
39 81493.000000
0 2
32 2 2
2 52
46 39996.000000
2 27
43 52420.000000
0 4
1 4 4
2 23
4 11.000000
2 15
49 3923.000000
0 8
1 8 8
0 7
32 7 6
0 8
32 8 8
2 25
51 38752.000000
2 19
36 804.000000
2 4
2 384.000000
0 2
5 2 2
0 2
1 2 2
0 15
1 15 15
2 6
33 73474.000000
0 4
80 4 4
0 2
32 2 2
0 2
5 2 1
0 2
84 2 2
2 41
31 35445.000000
2 17
5 0.000000
2 8
44 41270.000000
0 6
20 6 6
0 2
1 2 2
2 9
5 11.000000
0 6
25 6 6
0 3
1 3 3
2 24
52 81234.000000
2 20
4 2.000000
0 2
1 2 2
2 18
0 17.000000
0 3
1 3 2
0 15
32 15 12
2 4
0 20.000000
0 2
84 2 2
0 2
63 2 2
2 173
42 71854.000000
2 8
23 0.238866
2 6
6 10.000000
0 4
5 4 4
0 2
29 2 2
0 2
54 2 2
2 165
6 7.000000
2 154
10 0.709700
2 147
9 0.044784
2 137
34 38330.000000
0 4
99 4 4
2 133
18 0.015270
0 131
100 131 124
0 2
103 2 2
2 10
1 60437.000000
0 6
99 6 6
2 4
1 60441.000000
0 2
4 2 2
0 2
100 2 2
2 7
26 0.037885
2 5
1 64266.000000
0 2
102 2 2
0 3
101 3 3
0 2
5 2 1
2 11
18 0.833724
2 9
49 37419.000000
2 7
1 64670.000000
0 3
5 3 2
0 4
18 4 4
0 2
101 2 2
0 2
103 2 2
2 1957
7 19.000000
2 1672
6 18.000000
2 107
6 11.000000
2 85
5 7.000000
2 57
38 74791.000000
2 14
29 0.000035
2 11
39 45171.000000
0 2
11 2 2
2 9
4 7.000000
2 7
32 7531.000000
0 2
86 2 1
0 5
53 5 5
0 2
45 2 2
0 3
10 3 2
2 43
0 0.000000
0 3
12 3 1
2 40
50 35.000000
2 25
33 31142.000000
0 2
66 2 2
2 23
43 82048.000000
0 3
33 3 2
2 20
32 29219.000000
2 16
38 84393.000000
0 2
62 2 1
2 14
46 38230.000000
0 8
62 8 7
2 6
2 142.000000
0 4
43 4 4
0 2
62 2 2
0 4
93 4 3
2 15
51 13320.000000
0 3
47 3 2
0 12
43 12 11
2 28
46 22565.000000
2 12
0 16.000000
2 6
0 3.000000
0 3
13 3 2
0 3
48 3 2
2 6
1 66212.000000
0 3
47 3 3
0 3
62 3 3
2 16
29 0.000005
2 12
27 0.000103
0 4
12 4 3
2 8
34 392.000000
0 4
53 4 4
2 4
1 65552.000000
0 2
78 2 2
0 2
80 2 2
0 4
10 4 4
2 22
27 0.000882
2 11
44 2719.000000
0 4
86 4 4
2 7
47 2808.000000
0 3
65 3 3
0 4
11 4 3
2 11
43 60253.000000
0 4
15 4 3
2 7
0 9.000000
0 4
12 4 3
0 3
80 3 2
2 1565
48 26019.000000
2 1028
41 41182.000000
2 26
0 0.000000
2 12
4 17.000000
0 3
53 3 3
2 9
5 7.000000
0 2
81 2 2
0 7
78 7 7
2 14
0 8.000000
2 8
4 7.000000
2 6
27 2.001167
0 3
9 3 2
0 3
10 3 2
0 2
34 2 2
2 6
1 66148.000000
0 4
15 4 4
0 2
62 2 2
2 1002
29 0.000027
2 953
51 15595.000000
2 57
46 6831.000000
0 18
53 18 17
2 39
25 0.003407
2 36
47 5147.000000
2 14
46 15916.000000
0 9
46 9 8
2 5
36 762.000000
0 3
47 3 3
0 2
5 2 1
2 22
34 30790.000000
2 18
32 862.000000
0 2
62 2 2
0 16
42 16 16
0 4
62 4 3
0 3
53 3 3
2 896
34 21325.000000
2 881
49 30695.000000
2 654
52 198.000000
0 6
53 6 6
2 648
41 44606.000000
2 86
1 25284.000000
0 80
44 80 80
0 6
42 6 6
0 562
44 562 560
2 227
32 27442.000000
2 188
34 291.000000
2 179
46 55873.000000
0 3
62 3 2
0 176
44 176 176
2 9
0 7.000000
0 3
53 3 3
0 6
42 6 6
2 39
1 26267.000000
0 36
42 36 34
0 3
62 3 3
2 15
42 66663.000000
0 2
62 2 2
2 13
2 3649.000000
2 6
27 2.447122
2 4
1 26549.000000
0 2
88 2 2
0 2
66 2 2
0 2
5 2 1
0 7
53 7 7
2 49
35 39899.000000
2 30
38 85141.000000
0 4
9 4 3
2 26
41 71215.000000
2 10
36 545.000000
0 8
34 8 8
0 2
10 2 2
2 16
13 0.002284
0 14
46 14 12
0 2
34 2 2
2 19
33 33908.000000
0 9
42 9 8
2 10
29 0.006366
0 6
53 6 6
2 4
1 34755.000000
0 2
62 2 2
0 2
60 2 2
2 537
1 68586.000000
2 468
48 42962.000000
2 435
38 8739.000000
2 20
0 16.000000
0 15
46 15 15
2 5
4 13.000000
0 3
47 3 3
0 2
90 2 2
2 415
33 4321.000000
2 17
11 0.001106
2 12
13 0.000019
0 7
78 7 7
0 5
46 5 4
0 5
53 5 5
2 398
47 73555.000000
2 373
53 37979.000000
2 81
29 0.277003
2 70
42 74730.000000
2 14
4 7.000000
2 9
0 9.000000
0 4
46 4 4
0 5
34 5 4
2 5
1 60955.000000
0 3
62 3 3
0 2
88 2 2
2 56
5 3.000000
2 40
52 60563.000000
2 36
1 66710.000000
0 24
42 24 23
2 12
29 0.009262
0 7
61 7 7
0 5
42 5 5
0 4
53 4 3
2 16
0 17.000000
0 4
42 4 4
2 12
29 0.015276
2 8
1 66474.000000
2 6
32 41.000000
0 3
58 3 2
0 3
46 3 3
0 2
53 2 2
2 4
1 66562.000000
0 2
60 2 2
0 2
34 2 2
2 11
9 0.002654
2 9
4 11.000000
0 6
9 6 6
0 3
62 3 3
0 2
59 2 2
2 292
32 29294.000000
2 286
29 0.001254
0 269
42 269 269
2 17
42 81935.000000
0 2
90 2 2
2 15
0 18.000000
0 12
42 12 12
0 3
60 3 2
2 6
13 0.347548
0 3
93 3 2
0 3
53 3 3
2 25
29 0.001384
0 15
46 15 15
2 10
13 0.008460
2 8
2 220.000000
0 6
42 6 5
0 2
62 2 2
0 2
15 2 2
2 33
37 4157.000000
2 5
1 432.000000
0 2
81 2 2
0 3
9 3 3
2 28
47 8286.000000
2 13
29 0.944741
0 11
34 11 10
0 2
10 2 2
2 15
4 17.000000
2 13
47 23288.000000
0 11
53 11 11
0 2
34 2 2
0 2
59 2 2
2 69
1 69096.000000
0 64
61 64 64
2 5
4 11.000000
0 2
90 2 2
0 3
62 3 3
2 285
29 1.070523
2 142
34 30751.000000
2 130
51 9294.000000
2 108
39 71854.000000
2 12
13 0.001703
2 9
0 10.000000
0 3
14 3 3
2 6
6 21.000000
2 4
32 56004.000000
0 2
5 2 2
0 2
39 2 2
0 2
38 2 2
0 3
11 3 2
2 96
31 1190.000000
2 66
35 46364.000000
2 54
31 1114.000000
2 51
52 11373.000000
0 10
83 10 10
2 41
41 47728.000000
0 5
83 5 5
2 36
7 21.000000
2 11
3 84.000000
0 9
52 9 9
0 2
5 2 2
0 25
52 25 25
0 3
94 3 3
2 12
0 8.000000
0 6
94 6 6
2 6
27 0.000461
0 3
39 3 2
0 3
14 3 3
2 30
27 0.000066
2 27
44 34588.000000
0 10
92 10 10
2 17
47 4204.000000
2 12
36 2099.000000
0 3
5 3 2
0 9
83 9 9
0 5
39 5 4
0 3
14 3 3
2 22
7 21.000000
0 2
65 2 2
2 20
6 19.000000
2 4
0 7.000000
0 2
89 2 2
0 2
11 2 2
2 16
2 204.000000
2 14
34 18529.000000
0 12
38 12 12
0 2
5 2 2
0 2
5 2 2
2 12
7 21.000000
2 4
3 25.000000
0 2
5 2 2
0 2
47 2 1
0 8
76 8 8
2 143
41 4937.000000
2 11
34 31486.000000
0 6
75 6 6
2 5
2 341.000000
0 3
36 3 3
0 2
34 2 1
2 132
46 3041.000000
2 19
32 78.000000
2 8
1 66355.000000
0 5
59 5 5
0 3
60 3 2
2 11
5 3.000000
0 3
5 3 3
2 8
1 286.000000
0 2
81 2 2
0 6
9 6 6
2 113
46 3310.000000
2 13
13 0.016032
0 9
90 9 8
0 4
36 4 4
2 100
48 39327.000000
2 70
37 56390.000000
2 66
13 0.009365
2 61
9 0.078931
2 58
39 13745.000000
0 3
8 3 1
2 55
31 783.000000
0 3
34 3 2
2 52
4 17.000000
2 39
49 34083.000000
0 37
36 37 36
0 2
9 2 2
2 13
34 866.000000
2 8
33 27964.000000
0 2
81 2 2
0 6
36 6 6
2 5
27 0.000005
0 3
34 3 2
0 2
8 2 2
0 3
8 3 2
2 5
1 2876.000000
0 2
34 2 1
0 3
5 3 2
2 4
0 8.000000
0 2
5 2 1
0 2
60 2 2
2 30
27 0.003008
2 19
1 1038.000000
0 6
36 6 6
2 13
5 1.000000
0 3
36 3 2
0 10
59 10 10
2 11
38 54167.000000
0 2
8 2 1
2 9
4 17.000000
2 6
47 3667.000000
0 3
60 3 2
0 3
5 3 3
0 3
10 3 1
